
 1.  Steelers 16 54 18 20 3 303 215.9 109.6 1 1 156.0 9.8 
 2.  Patriots 16 47 11 25 5 225 200.9 95.5 1 0 151.0 9.4 
 3.  Buccaneers 16 47 16 12 6 449 290.4 73.8 0 0 139.0 8.7 
 4.  49ers 16 48 15 12 5 310 192.1 112.6 1 0 134.0 8.4 
 5.  Vikings 16 48 14 17 2 303 256.2 108.0 2 0 126.0 7.9 
 6.  Rams 16 50 11 13 4 364 245.5 113.1 1 0 124.0 7.8 
 7.  Saints 16 51 10 13 3 341 262.6 91.4 1 1 123.0 7.7 
 8.  Ravens 16 36 12 13 6 282 223.9 92.9 0 0 122.0 7.6 
 9.  Chiefs 16 45 7 16 3 308 242.6 128.2 0 1 115.0 7.2 
 10.  Seahawks 16 28 16 16 3 398 275.4 117.7 0 0 110.0 6.9 
 11.  Colts 16 41 8 15 1 373 264.4 97.9 2 2 109.0 6.8 
 12.  Titans 16 43 9 14 3 331 272.3 104.5 1 0 109.0 6.8 
 13.  Panthers 16 53 7 14 1 470 249.8 143.5 1 0 103.0 6.4 
 14.  Eagles 16 42 9 11 3 354 258.5 90.1 0 0 100.0 6.3 
 15.  Jets 16 29 9 12 4 359 250.1 86.9 2 0 99.0 6.2 
 16.  Bills 16 44 9 14 0 259 213.8 103.1 1 1 98.0 6.1 
 17.  Jaguars 16 47 9 10 2 397 255.5 139.3 0 0 97.0 6.1 
 18.  Redskins 16 46 9 13 0 435 255.8 146.2 0 1 96.0 6.0 
 19.  Packers 16 41 8 17 0 313 251.0 120.1 0 0 91.0 5.7 
 20.  Texans 16 31 10 12 2 385 280.7 121.1 0 0 87.0 5.4 
 21.  Falcons 16 28 8 12 2 399 258.6 110.9 0 1 86.0 5.4 
 22.  Browns 16 38 6 14 1 393 233.8 144.7 0 0 84.0 5.3 
 23.  Bears 16 32 9 10 1 298 237.3 102.0 0 1 82.0 5.1 
 24.  Lions 16 28 11 7 1 423 296.2 115.9 0 2 82.0 5.1 
 25.  Giants 16 34 6 10 2 451 279.4 113.3 1 0 80.0 5.0 
 26.  Broncos 16 40 7 10 1 316 238.9 111.4 0 0 80.0 5.0 
 27.  Cowboys 16 39 10 7 1 321 242.4 103.5 0 0 79.0 4.9 
 28.  Cardinals 16 40 10 7 0 442 299.1 120.1 0 0 74.0 4.6 
 29.  Raiders 16 32 6 9 2 419 272.2 98.1 0 0 74.0 4.6 
 30.  Bengals 16 31 5 11 0 420 257.6 148.9 1 1 71.0 4.4 
 31.  Dolphins 16 23 3 13 1 494 272.1 135.5 1 1 69.0 4.3 
 32.  Chargers 16 30 3 11 0 345 212.1 112.8 0 1 64.0 4.0 