TB 1 6 2 9 15 18 30 1 10 8 23 
CAR 2 21 4 2 3 11 29 8 2 27 26 
JAX 3 9 10 10 12 10 18 14 18 4 25 
IND 4 5 12 14 10 8 22 7 14 3 18 
NO 5 22 7 1 5 2 25 3 1 17 31 
ATL 6 14 1 16 14 12 20 6 7 6 30 
SF 7 15 6 5 2 1 32 12 9 7 28 
TEN 8 7 16 20 16 19 31 2 25 15 32 
SEA 9 31 3 19 6 5 23 9 3 19 20 
BAL 10 16 30 13 26 7 16 19 29 28 5 
LAC 11 4 18 11 1 26 10 18 30 1 12 
NE 12 13 20 28 27 14 19 26 28 30 13 
ARI 13 26 11 23 18 3 26 4 4 18 11 
MIN 14 3 23 3 7 29 28 24 23 9 6 
CHI 15 8 14 12 8 32 24 31 27 16 10 
NYG 16 20 8 6 9 20 5 28 13 21 21 
DAL 17 23 5 27 21 24 17 27 15 29 24 
LAR 18 30 19 8 23 6 21 11 5 11 9 
NYJ 19 19 25 26 24 16 11 13 17 32 17 
PHI 20 11 17 7 17 23 13 29 19 24 22 
DET 21 18 13 4 4 25 14 30 24 10 29 
PIT 22 25 26 22 28 4 7 17 20 31 8 
OAK 23 2 31 17 22 28 8 32 31 14 4 
BUF 24 27 22 25 11 9 9 22 16 22 15 
HOU 25 17 21 24 19 22 27 5 8 12 27 
DEN 26 1 32 15 32 31 6 21 32 23 2 
GB 27 10 15 18 13 27 3 23 21 2 16 
WAS 28 24 9 29 25 21 2 20 12 25 19 
KC 29 12 29 21 20 30 4 15 26 5 7 
CIN 30 29 27 31 30 15 15 10 11 20 1 
MIA 31 28 28 32 31 17 12 25 22 26 14 
CLE 32 32 24 30 29 13 1 16 6 13 3 