TB 1 6 5 7 6 15 22 8 24 31 9 
TEN 2 13 9 13 24 28 28 6 21 23 18 
DEN 3 1 19 6 18 26 27 18 31 30 3 
NYG 4 11 2 21 2 12 17 19 4 17 20 
MIA 5 15 10 27 8 7 21 31 28 25 30 
PHI 6 10 17 2 9 21 29 29 20 27 28 
CLE 7 18 12 12 10 10 15 10 13 13 10 
SEA 8 9 3 5 5 2 26 4 7 1 29 
CAR 9 21 14 3 7 16 31 5 3 21 25 
IND 10 20 1 23 4 1 30 1 6 2 32 
PIT 11 23 7 11 26 4 7 21 15 7 13 
JAX 12 14 22 14 16 14 20 3 1 8 14 
SF 13 26 8 20 17 25 32 11 2 29 24 
LAC 14 5 15 29 11 31 4 7 27 19 21 
WAS 15 16 11 22 14 30 24 27 19 26 22 
HOU 16 29 6 8 3 3 6 13 12 5 27 
NO 17 28 18 10 27 24 1 17 9 15 2 
NE 18 8 29 26 30 17 8 23 29 28 16 
OAK 19 2 26 25 29 20 2 20 18 11 7 
CIN 20 22 25 18 19 8 13 14 22 32 15 
ARI 21 17 27 9 15 9 25 15 26 6 8 
ATL 22 4 21 30 21 11 9 2 16 3 17 
DET 23 31 4 16 1 6 12 16 14 9 31 
GB 24 12 16 17 13 29 3 30 25 10 26 
BAL 25 19 23 28 31 5 10 24 30 16 11 
NYJ 26 24 20 31 12 13 19 9 11 20 5 
LAR 27 27 28 4 28 27 5 22 5 22 6 
MIN 28 3 24 19 20 22 14 28 23 12 1 
DAL 29 25 13 24 22 23 16 25 8 14 19 
CHI 30 7 32 1 25 32 23 32 32 24 12 
KC 31 30 30 15 23 18 11 26 17 4 23 
BUF 32 32 31 32 32 19 18 12 10 18 4 