CAR 1 22 2 5 9 9 25 9 5 26 24 
JAX 2 12 9 10 8 8 15 17 29 4 28 
IND 3 1 23 11 15 21 11 10 19 6 3 
NO 4 16 6 1 1 1 32 1 2 13 32 
ATL 5 24 1 8 7 15 24 7 7 12 30 
BUF 6 19 11 12 3 5 8 29 21 20 23 
TB 7 8 4 14 22 13 27 3 4 3 29 
BAL 8 15 25 9 20 11 16 18 28 29 11 
SF 9 13 10 3 2 2 28 13 15 1 25 
CHI 10 10 5 21 5 26 23 22 16 17 14 
MIN 11 9 18 2 6 30 29 24 18 11 21 
ARI 12 28 7 25 14 4 21 2 1 24 17 
NE 13 21 13 26 19 7 22 26 22 25 9 
DAL 14 20 3 27 16 22 13 27 20 28 22 
LAC 15 6 20 7 4 24 17 23 31 2 8 
SEA 16 31 8 24 11 12 20 11 3 31 10 
KC 17 4 16 18 12 28 4 12 27 8 4 
NYJ 18 17 26 23 26 17 12 14 25 32 26 
LAR 19 27 14 15 17 3 26 6 8 10 19 
DET 20 7 21 4 23 32 14 31 24 9 20 
TEN 21 5 22 20 10 10 30 4 26 15 31 
OAK 22 3 27 13 13 29 18 32 32 16 13 
PIT 23 23 30 22 25 6 7 15 14 30 7 
GB 24 14 17 17 18 25 9 19 13 5 12 
HOU 25 11 28 28 28 27 31 5 12 22 27 
NYG 26 25 15 6 21 18 5 30 23 19 18 
PHI 27 18 19 16 24 23 6 28 17 23 16 
WAS 28 26 12 29 27 16 1 20 11 21 15 
DEN 29 2 32 19 30 31 2 25 30 14 5 
CIN 30 29 24 32 31 20 19 8 9 18 1 
CLE 31 32 29 31 29 14 3 16 6 7 2 
MIA 32 30 31 30 32 19 10 21 10 27 6 